N           size(bytes)|undo(s)     shdw(s)  write(s)    sbwf(s)    sbwf/undo
-----------------------+-----------------------------------------------------
32768       4294967296 |10.86       7.925    2.382       5.543      0.510405 
16384       1073741824 |3.267       1.99     0.28        1.71       0.523416 
8192        268435456  |0.8103      0.4749   0.0633      0.4116     0.50796  
4096        67108864   |0.1973      0.1198   0.0158      0.104      0.527116 
2048        16777216   |0.04882     0.03153  0.00393     0.0276     0.565342 
1024        4194304    |0.01177     0.009084 0.00081     0.008274   0.702974 
512         1048576    |0.003332    0.003926 0.000124    0.003802   1.14106  
256         262144     |0.001267    0.00259  1.2e-05     0.002578   2.03473  
1           4          |0.000106    0.00211  0           0.00211    19.9057  
-----------------------+-----------------------------------------------------
a:y=a*x^b+c            |3.43488e-09          2.08379e-11 1.9005e-09          
b:y=a*x^b+c            |0.990468             1.13509     0.986886            
c:y=a*x^b+c            |0.000106             0           0.00211             
-----------------------+-----------------------------------------------------
cutoff size            |                                            1048576  
