N           size(bytes)|undo(s)     shdw(s)  write(s)    sbwf(s)     sbwf/undo
-----------------------+------------------------------------------------------
32768       4294967296 |11.24       9.966    1.827       8.139       0.72411  
16384       1073741824 |1.779       1.9      0.269       1.631       0.916807 
8192        268435456  |0.449       0.4536   0.06173     0.39187     0.872762 
4096        67108864   |0.1018      0.104    0.0157      0.0883      0.867387 
2048        16777216   |0.02383     0.02398  0.00392     0.02006     0.841796 
1024        4194304    |0.004479    0.00484  0.00081     0.00403     0.899754 
512         1048576    |0.00111     0.00131  0.000124    0.001186    1.06847  
256         262144     |0.0003      0.000551 1.2e-05     0.000539    1.79667  
1           4          |0           1.9e-05  0           1.9e-05     ?        
-----------------------+------------------------------------------------------
a:y=a*x^b+c            |2.63363e-10          3.01283e-11 3.73244e-10          
b:y=a*x^b+c            |1.0968               1.11194     1.07014              
c:y=a*x^b+c            |0                    0           1.9e-05              
-----------------------+------------------------------------------------------
cutoff size            |                                             1048576  
